.ZAB         240   349                                                    
 36.716667   105.341667
 36.716667   105.000000
 37.308334   103.150002
 37.500000   102.558334
 37.500000   102.550003
 37.041668   102.183334
 36.500000   101.750000
 35.829166   100.000000
 35.333332   100.000000
 34.866665   100.316666
 34.466667   100.750000
 34.599998   102.000000
 34.549999   102.324997
 34.316666   102.800003
 33.775002   103.366669
 33.637501   103.487503
 33.402779   103.691666
 33.383335   103.800003
 33.000000   103.800003
 32.466667   103.933334
 32.033333   103.800003
 31.650000   103.333336
 31.283333   102.150002
 29.766666   102.558334
 29.725000   102.675003
 29.216667   102.866669
 28.950001   103.150002
 28.950001   103.300003
 29.433332   104.516670
 30.633333   105.000000
 31.000000   105.800003
 31.762501   106.449997
 31.816668   108.199997
 31.333334   108.199997
 31.333334   110.750000
 31.333334   111.083336
 32.099998   113.500000
 32.737499   113.684723
 32.683334   114.000000
 32.944443   114.000000
 33.766666   114.000000
 33.944443   114.000000
 34.666668   114.000000
 34.916668   113.616669
 35.383335   112.666664
 35.400002   112.000000
 35.433334   112.000000
 35.766666   111.841667
 35.741665   111.366669
 35.700001   110.233330
 35.849998   109.316666
 36.033333   108.216667
 36.200001   107.466667
 36.625000   106.349998
 36.716667   106.083336
 36.716667   105.341667
.ZAU         240   349
   43.566666   87.000000
   43.566666   86.216667
   43.566666   86.066666
   43.450001   85.741669
   43.470833   85.425003
   43.341667   85.000000
   43.083332   85.000000
   42.966667   85.000000
   42.166668   85.000000
   41.849998   85.000000
   41.858334   84.766670
   41.799999   84.766670
   41.583332   84.750000
   41.283333   84.716667
   40.908333   84.699997
   40.775002   84.683334
   40.666668   84.683334
   40.483334   85.191666
   40.466667   85.233330
   40.354168   85.525002
   40.000000   86.099998
   40.000000   86.316666
   40.000000   87.202774
   40.000000   88.000000
   40.000000   88.250000
   40.000000   88.666664
   40.000000   89.750000
   40.338890   90.568054
   40.783333   91.650002
   40.763889   91.741669
   40.525002   93.491669
   40.916668   93.550003
   41.166668   93.599998
   41.433334   93.508331
   41.666668   93.466667
   42.666668   93.050003
   42.783333   93.000000
   42.724998   91.724998
   43.366665   91.083336
   43.595833   90.854164
   44.154167   90.291664
   44.154167   89.587502
   44.341667   88.208336
   44.333332   88.050003
   43.966667   87.541664
.ZNY         240   349
39.855556   77.840279
39.772221   77.617226
39.779167   77.350830
39.683334   77.356667
39.539444   77.355553
39.509998   77.358330
39.486111   77.241669
39.455002   77.135559
39.384998   76.855553
39.391666   76.347221
39.595276   76.041664
39.645000   75.965553
39.691666   75.901665
39.849998   75.650002
39.966389   75.463890
40.066666   75.341667
40.093056   75.027779
40.086113   74.949997
40.112499   74.863892
40.109722   74.783333
39.983334   74.684723
40.141666   74.020836
40.215279   73.713890
40.331944   73.636108
40.588890   73.441666
40.801388   73.291664
40.858334   73.377777
40.851387   73.754166
40.850555   73.868057
40.968056   73.877777
41.000000   73.862503
41.258335   73.895836
41.311111   74.050003
41.333332   74.058334
41.494446   74.344444
41.527779   74.433334
41.625000   74.658333
41.733334   74.766670
41.758335   74.800003
41.801388   74.908333
41.988888   75.341667
42.283333   76.016670
42.311943   76.052780
42.366665   76.233330
42.333332    76.416664
42.302776    77.041664
42.174999    77.236115
41.875000    77.416664
41.677776    77.541664
41.555557    77.633331
41.308334    77.808334
41.119446    77.949997
40.858334    78.127777
40.608334    77.933334
40.549999    77.879166
40.516666    77.872223
40.450001    77.875000
40.156944    77.858330
39.855000    77.834999
.ZBW         240   349
   45.016666   71.483330
   45.283333   71.333336
   45.316666   71.000000
   45.525002   70.724998
   45.686111   70.502777
   45.908333   70.250000
   46.308334   70.208336
   46.418056   70.059166
   46.691666   70.000000
   47.450001   69.216667
   47.393055   69.000000
   47.287498   68.566666
   47.408333   68.394447
   47.458332   68.272224
   47.488888   68.199997
   47.516666   68.066666
   47.525002   68.000000
   47.533333   67.750000
   47.472221   67.527779
   47.386112   67.333336
   47.269444   67.175003
   47.133335   67.083336
   46.980556   67.041664
   46.827778   67.058334
   46.691666   67.133331
   46.569443   67.255554
   46.536110   67.300003
   46.200001   67.216667
   46.143055   67.216667
   45.825001   67.583336
   45.784168   67.802223
   45.625000   67.758331
   45.250000   67.333336
   44.933334   67.000000
   43.799999   67.000000
   41.866669   66.999443
   41.616666   67.000000
   41.000000   69.000000
   40.924999   69.341667
   40.576668   70.879440
   40.447777   71.311111
   40.441387   71.335281
   40.389721   71.511108
   40.072224   72.500000
   40.198612   72.781944
   39.994446   73.008331
   39.733334   73.150002
   39.683334   73.166664
   39.733334   73.283333
   39.933334   73.729164
   40.215279   73.713890
   40.331944   73.636108
   40.588890   73.441666
   40.801388   73.291664
   40.858334   73.377777
   40.851387   73.754166
   40.850555   73.868057
   40.968056   73.877777
   41.000000   73.862503
   41.258335   73.895836
   41.311111   74.050003
   41.333332   74.058334
   41.494446   74.344444
   41.527779   74.433334
   41.625000   74.658333
   41.733334   74.766670
   41.758335   74.800003
   41.801388   74.908333
   41.988888   75.341667
   42.283333   76.016670
   42.311943   76.052780
   42.366665   76.233330
   42.608334   76.802780
   42.791668   76.683334
   42.883335   76.666664
   43.016666   76.733330
   43.066666   76.763885
   43.329166   76.775002
   43.633335   76.791664
   44.089389   76.429083
   44.222222   76.183333
   44.295008   76.160811
   44.387508   75.968500
   44.533333   75.750000
   44.813332   74.769722
   44.833332   74.683334
   44.976387   74.194443
   45.000000   73.400002
.ZDC         240   349
   39.533333   79.000000
   39.638889   78.652779
   39.671665   78.558334
   39.766666   78.199997
   39.788887   77.837502
   39.855556   77.840279
   39.772221   77.617226
   39.779167   77.350830
   39.683334   77.356667
   39.539444   77.355553
   39.509998   77.358330
   39.486111   77.241669
   39.455002   77.135559
   39.384998   76.855553
   39.391666   76.347221
   39.595276   76.041664
   39.645000   75.965553
   39.691666   75.901665
   39.849998   75.650002
   39.966389   75.463890
   40.066666   75.341667
   40.093056   75.027779
   40.086113   74.949997
   40.112499   74.863892
   40.109722   74.783333
   39.983334   74.684723
   40.141666   74.020836
   40.215279   73.713890
   39.933334   73.729164
   39.733334   73.283333
   39.683334   73.166664
   39.733334   73.150002
   39.733334   72.884171
   39.337223   72.500000
   39.096668   72.270554
   38.766666   72.500000
   38.333332   72.800003
   38.283333   72.834442
   38.566666   73.516670
   38.741669   73.849998
   38.541668   73.983330
   37.950001   73.000000
   37.227501   72.666664
   36.701111   72.666664
   35.093056   72.666664
   34.900002   72.949997
   34.552776   73.680557
   34.313057   74.040833
   34.233334   73.949997
   32.575832   76.302223
   33.950001   78.074997
   34.041668   78.191666
   34.444443   78.750000
   34.424999   79.333336
   34.788887   79.833336
   34.849998   79.916664
   34.855556   80.147224
   35.108334   80.000000
   35.383335   79.800003
   36.087502   79.745834
   36.154167   79.949997
   36.200001   79.973335
   36.666668   80.250000
   36.684723   80.259445
   37.255554   80.581108
   37.333332   80.630554
   37.303612   80.748055
   37.470833   80.838608
   38.041668   80.716667
   38.299999   80.650002
   38.766666   80.566666
   39.166668   80.400002
   39.173611   79.894447
   39.370834   79.543053
.ZDV         240   349                                                          
 42.483334   107.066666
 43.883335   107.283333
 44.316666   106.266670
 45.237499   106.000000
 45.116665   104.250000
 44.958332   103.166664
 44.700001   101.483330
 43.708332   101.408333
 43.288887   100.099998
 42.000000    99.016670
 41.716667    99.025002
 40.883335    99.047226
 39.983334    99.058334
 39.466667    98.800003
 39.116665    99.500000
 38.408333   100.875000
 38.258335   101.158333
 37.500000   102.558334
 37.308334   103.150002
 36.716667   105.000000
 36.716667   105.341667
 36.716667   106.083336
 36.625000   106.349998
 36.200001   107.466667
 36.033333   108.216667
 35.849998   109.316666
 35.700001   110.233330
 35.741665   111.366669
 35.766666   111.841667
 36.420834   111.504166
 36.733334   111.608330
 37.412498   111.879166
 37.833332   110.883331
 38.129166   110.156944
 38.200001   109.983330
 38.933334   109.983330
 39.216667   109.983330
 39.583332   110.300003
 39.763889   109.816666
 40.000000   109.166664
 40.233334   109.150002
 40.849998   109.099998
 41.366665   108.275002
 42.416668   107.050003
.ZFW         240   349                                                          
 35.495834    96.949997
 35.650002    96.404167
 35.870834    96.050003
 36.016666    95.612503
 35.654167    95.000000
 35.383335    95.000000
 35.066666    95.000000
 34.933334    94.925003
 34.691666    94.783333
 34.683334    94.783333
 34.533333    94.533333
 34.033333    93.541664
 33.950001    93.158333
 33.833332    93.008331
 33.375000    92.400002
 33.004166    91.900002
 32.283333    91.688889
 32.283333    92.258331
 31.558332    93.320831
 31.566668    93.566666
 31.572222    94.199997
 31.545834    94.800003
 31.547222    94.875000
 31.466667    95.983330
 31.358334    96.270836
 31.408333    96.283333
 31.205555    96.483330
 31.204166    96.683334
 31.201389    97.000000
 31.200001    97.283333
 31.212500    97.512497
 31.375000    97.712502
 31.390278    97.794441
 31.383333    99.466667
 31.147223   100.099998
 30.983334   100.550003
 31.283333   102.150002
 31.650000   103.333336
 32.033333   103.800003
 32.466667   103.933334
 33.000000   103.800003
 33.383335   103.800003
 33.402779   103.691666
 33.637501   103.487503
 33.775002   103.366669
 34.316666   102.800003
 34.549999   102.324997
 34.599998   102.000000
 34.466667   100.750000
 34.866665   100.316666
 35.333332   100.000000
 35.829166   100.000000
 35.816666    99.227776
 35.816666    98.500000
 35.883335    98.016670
 35.924999    97.883331
 35.491665    97.583336
 35.458332    97.083336
 35.495834    96.949997
.ZHU         240   349                                                          
 31.566668    93.566666
 31.558332    93.320831
 32.283333    92.258331
 32.283333    91.688889
 31.912500    91.308334
 31.729166    90.658333
 31.650000    90.345833
 31.636110    90.033333
 31.630556    89.849998
 31.549999    89.008331
 31.549999    89.000000
 31.547222    88.900002
 31.516666    88.324997
 31.520834    87.816666
 31.280556    87.400002
 30.966667    87.658333
 30.691668    87.716667
 30.683332    87.808334
 30.633333    87.916664
 30.516666    87.916664
 30.233334    88.025002
 30.152779    88.025002
 29.966667    88.025002
 28.141666    88.000000
 27.562778    87.710831
 27.500000    86.000000
 24.000000    86.000000
 24.500000    88.000000
 24.500000    93.000000
 26.000000    95.916664
 26.183332    98.425003
 28.433332   100.333336
 29.766666   102.558334
 31.283333   102.150002
 30.983334   100.550003
 31.147223   100.099998
 31.383333    99.466667
 31.390278    97.794441
 31.375000    97.712502
 31.212500    97.512497
 31.200001    97.283333
 31.201389    97.000000
 31.204166    96.683334
 31.205555    96.483330
 31.408333    96.283333
 31.358334    96.270836
 31.466667    95.983330
 31.547222    94.875000
 31.545834    94.800003
 31.572222    94.199997
 31.566668    93.566666
.ZID         240   349                                                          
 40.705555    83.455559
 40.570835    83.066666
 40.554165    82.591667
 40.599998    81.783333
 40.216667    81.633331
 39.750000    81.550003
 39.166668    80.500000
 39.166668    80.400002
 38.766666    80.566666
 38.299999    80.650002
 38.041668    80.716667
 37.470833    80.838608
 37.303612    80.748055
 36.738888    83.222221
 36.650002    83.558334
 36.395832    84.583336
 36.183334    85.400002
 36.900002    85.583336
 37.013889    85.745834
 37.174999    85.970833
 37.299999    86.150002
 37.299999    86.491669
 37.275002    87.397224
 37.724998    88.316666
 38.150002    88.233330
 38.485279    88.094444
 38.651390    88.100830
 38.703609    88.102776
 38.899166    88.110275
 39.386112    88.129166
 39.868332    88.148056
 39.904167    88.183334
 40.000000    88.250000
 40.000000    88.000000
 40.000000    87.202774
 40.000000    86.316666
 40.000000    86.099998
 40.354168    85.525002
 40.466667    85.233330
 40.483334    85.191666
 40.666668    84.683334
 40.775002    84.683334
 40.908333    84.699997
 40.783333    83.745834
 40.737499    83.650002
 40.705555    83.455559
.ZJX         240   349                                                          
 34.041668    78.191666
 33.950001    78.074997
 32.575832    76.302223
 32.200001    76.816666
 32.250000    77.000000
 31.500000    77.000000
 30.000000    77.000000
 30.108334    78.091667
 30.166666    78.791664
 30.202778    79.184723
 30.137501    79.311111
 29.208334    79.616669
 29.000000    80.183334
 29.000000    80.199997
 28.979166    80.300003
 28.900000    80.733330
 28.727777    80.986115
 28.566668    81.000000
 28.350000    81.500000
 28.033333    82.208336
 27.950001    82.383331
 27.950001    82.941666
 28.633333    83.908333
 28.166666    84.500000
 28.166666    84.650002
 28.233334    84.916664
 27.783333    85.000000
 27.516111    85.047501
 27.500000    85.041664
 27.500000    86.000000
 27.562778    87.710831
 28.141666    88.000000
 29.966667    88.025002
 30.152779    88.025002
 30.233334    88.025002
 30.516666    87.916664
 30.633333    87.916664
 30.683332    87.808334
 30.691668    87.716667
 30.966667    87.658333
 31.280556    87.400002
 31.491667    86.949997
 31.706944    85.891670
 31.762501    85.583336
 31.533333    85.308334
 31.627777    84.537498
 31.674999    84.162498
 31.683332    84.099998
 31.683332    83.341667
 31.683332    83.112503
 31.913889    82.741669
 32.166668    82.333336
 32.562500    81.933334
 32.677776    81.900002
 32.904167    81.841667
 33.888889    81.849998
 34.038887    81.777779
 34.250000    81.679169
 34.394444    81.333336
 34.747501    80.468887
 34.855556    80.147224
 34.849998    79.916664
 34.788887    79.833336
 34.424999    79.333336
 34.444443    78.750000
.ZKC         240   349                                                          
 40.450001    93.900002
 40.525002    93.491669
 40.763889    91.741669
 40.783333    91.650002
 40.338890    90.568054
 40.000000    89.750000
 40.000000    88.666664
 40.000000    88.250000
 39.904167    88.183334
 39.868332    88.148056
 39.386112    88.129166
 38.899166    88.110275
 38.703609    88.102776
 38.651390    88.100830
 38.485279    88.094444
 38.150002    88.233330
 37.724998    88.316666
 37.716667    88.316666
 37.533333    88.833336
 37.483334    89.050003
 37.150002    90.566666
 37.066666    91.041664
 36.791668    92.841667
 36.724998    93.250000
 36.625000    93.750000
 36.491665    94.408333
 36.433334    94.683334
 36.287498    95.195831
 36.204166    95.400002
 36.016666    95.612503
 35.870834    96.050003
 35.650002    96.404167
 35.495834    96.949997
 35.458332    97.083336
 35.491665    97.583336
 35.924999    97.883331
 35.883335    98.016670
 35.816666    98.500000
 35.816666    99.227776
 35.829166   100.000000
 36.500000   101.750000
 37.041668   102.183334
 37.500000   102.550003
 37.500000   102.558334
 38.258335   101.158333
 38.408333   100.875000
 39.116665    99.500000
 39.466667    98.800003
 39.474998    98.683334
 39.758335    97.441666
 40.049999    96.166664
 40.066666    96.066666
 40.158333    95.558334
.ZLA         240   349                                                          
 37.883335   116.183334
 38.016666   114.199997
 37.883335   113.650002
 37.716667   113.783333
 37.500000   113.000000
 37.500000   112.058334
 37.412498   111.879166
 36.733334   111.608330
 36.420834   111.504166
 35.766666   111.841667
 35.433334   112.000000
 35.400002   112.000000
 35.383335   112.666664
 34.916668   113.616669
 34.666668   114.000000
 33.944443   114.000000
 33.766666   114.000000
 32.944443   114.000000
 32.683334   114.000000
 32.737499   113.684723
 32.099998   113.500000
 32.250000   114.000000
 32.493057   114.812500
 32.715279   114.715279
 32.686111   115.216667
 32.590279   116.483330
 32.575001   116.699997
 32.534168   117.123611
 32.446667   117.314163
 30.750000   120.833336
 34.500000   123.250000
 35.383335   121.216667
 35.541668   120.849998
 35.616665   120.562500
 35.716667   120.231941
 35.750000   120.116669
 35.633335   119.500000
 35.827778   119.372223
 36.133335   119.166664
 36.133335   118.583336
 36.570835   118.583336
 37.200001   118.583336
 37.200001   117.333336
 37.366665   117.000000
 37.441666   117.074997
 37.883335   117.016670
.ZLC         240   349                                                          
 46.416668   115.000000
 46.566666   115.000000
 46.750000   115.000000
 47.150002   115.000000
 48.416668   115.000000
 49.000000   114.666664
 49.000000   113.000000
 49.000000   110.000000
 49.000000   109.183334
 49.000000   103.166664
 46.450001   103.166664
 44.958332   103.166664
 45.116665   104.250000
 45.237499   106.000000
 44.316666   106.266670
 43.883335   107.283333
 42.950001   107.133331
 42.416668   107.050003
 41.366665   108.275002
 40.849998   109.099998
 40.233334   109.150002
 40.000000   109.166664
 39.763889   109.816666
 39.583332   110.300003
 39.216667   109.983330
 38.933334   109.983330
 38.200001   109.983330
 38.129166   110.156944
 37.833332   110.883331
 37.412498   111.879166
 37.500000   112.058334
 37.500000   113.000000
 37.716667   113.783333
 37.883335   113.650002
 38.016666   114.199997
 37.883335   116.183334
 37.883335   117.016670
 38.083332   117.266670
 38.777779   117.291664
 38.816666   117.308334
 39.216667   117.324997
 39.933334   117.366669
 41.000000   119.500000
 42.333332   119.099998
 42.666668   119.000000
 43.633335   119.283333
 44.166668   118.933334
 44.849998   118.449997
 45.233334   117.916664
 45.333332   117.750000
 45.333332   115.000000
.ZMA         240   349
 30.166666    78.791664
 30.108334    78.091667
 30.000000    77.000000
 29.500000    77.000000
 28.133333    77.000000
 27.833332    76.533333
 27.833332    74.833336
 26.909721    74.290833
 26.000000    73.750000
 25.000000    73.199997
 25.000000    69.116669
 23.500000    68.683334
 22.750000    68.466667
 21.133333    67.750000
 19.650000    69.150002
 20.283333    70.250000
 20.416668    70.500000
 20.416668    71.666664
 20.166668    73.000000
 20.000000    73.333336
 22.000000    75.166664
 23.833334    77.750000
 24.000000    78.000000
 24.000000    79.983330
 24.000000    80.979164
 23.983334    83.716667
 24.000000    85.000000
 24.000000    86.000000
 27.500000    86.000000
 27.500000    85.041664
 27.516111    85.047501
 27.783333    85.000000
 28.233334    84.916664
 28.166666    84.650002
 28.166666    84.500000
 28.633333    83.908333
 27.950001    82.941666
 27.950001    82.383331
 28.033333    82.208336
 28.350000    81.500000
 28.566668    81.000000
 28.727777    80.986115
 28.900000    80.733330
 28.979166    80.300003
 29.000000    80.199997
 29.000000    80.183334
 29.208055    79.623337
 30.137501    79.311111
 30.202778    79.184723
.ZME         240   349                                                          
 34.683334    94.783333
 34.691666    94.783333
 34.933334    94.925003
 35.066666    95.000000
 35.383335    95.000000
 35.654167    95.000000
 36.016666    95.612503
 36.204166    95.400002
 36.287498    95.195831
 36.433334    94.683334
 36.491665    94.408333
 36.625000    93.750000
 36.724998    93.250000
 36.791668    92.841667
 37.066666    91.041664
 37.150002    90.566666
 37.483334    89.050003
 37.533333    88.833336
 37.716667    88.316666
 37.724998    88.316666
 37.275002    87.397224
 37.299999    86.483330
 37.299999    86.150002
 37.174999    85.970833
 37.013889    85.745834
 36.900002    85.583336
 36.183334    85.400002
 35.650002    85.283333
 35.516666    86.000000
 35.333332    87.000000
 34.366665    87.000000
 34.099998    87.250000
 34.016666    87.550003
 33.890278    87.566666
 33.316666    87.633331
 33.183334    87.808334
 33.043056    87.986115
 32.697224    87.849998
 32.627777    87.945831
 32.330555    88.347221
 31.516666    88.324997
 31.547222    88.900002
 31.549999    89.008331
 31.630556    89.849998
 31.636110    90.033333
 31.650000    90.345833
 31.729166    90.658333
 31.912500    91.308334
 32.283333    91.688889
 33.004166    91.900002
 33.375000    92.400002
 33.833332    93.008331
 33.950001    93.158333
 34.033333    93.541664
 34.533333    94.533333
.ZMP         240   349                                                          
   46.450001  103.166664
   49.000000  103.166664
   49.000000  101.000000
   49.000000   99.583336
   49.000000   96.733330
   49.000000   95.333336
   49.000000   93.500000
   48.108334   90.099998
   47.891666   89.824997
   47.908333   88.775002
   47.083332   87.000000
   46.799999   85.883331
   46.750000   85.633331
   46.383335   84.533333
   46.250000   84.358330
   45.816666   83.583336
   45.333332   82.500000
   43.916668   82.185555
   43.916668   83.666664
   43.500000   85.000000
   43.341667   85.000000
   43.470833   85.425003
   43.450001   85.741669
   43.566666   86.066666
   43.566666   86.216667
   43.566666   87.000000
   43.966667   87.541664
   44.333332   88.050003
   44.341667   88.208336
   44.158333   89.566666
   44.154167   89.587502
   44.154167   90.291664
   43.595833   90.854164
   43.366665   91.083336
   42.724998   91.724998
   42.783333   93.000000
   42.666668   93.050003
   41.666668   93.466667
   41.433334   93.508331
   41.166668   93.599998
   40.525002   93.491669
   40.450001   93.900002
   40.158333   95.558334
   40.066666   96.066666
   40.049999   96.166664
   39.758335   97.441666
   39.474998   98.683334
   39.466667   98.800003
   39.983334   99.058334
   40.883335   99.047226
   41.716667   99.025002
   42.000000   99.016670
   43.288887  100.099998
   43.708332  101.408333
   44.700001  101.483330
   44.958332  103.166664
   46.450001  103.166664
.ZOA         240   349                                                          
 41.333332   122.744446
 41.333332   122.416664
 41.000000   121.250000
 41.000000   121.133331
 41.000000   120.500000
 41.000000   119.500000
 39.933334   117.366669
 39.216667   117.324997
 38.816666   117.308334
 38.777779   117.291664
 38.083332   117.266670
 37.883335   117.016670
 37.441666   117.074997
 37.366665   117.000000
 37.200001   117.333336
 37.200001   118.583336
 36.570835   118.583336
 36.133335   118.583336
 36.133335   119.166664
 35.827778   119.372223
 35.633335   119.500000
 35.673611   119.708336
 35.750000   120.116669
 35.716667   120.231941
 35.616665   120.562500
 35.541668   120.849998
 35.383335   121.216667
 34.500000   123.250000
 35.150002   123.688889
 36.000000   124.199997
 35.500000   125.833336
 36.461944   126.933333
 38.666668   126.666664
 40.000000   127.000000
 40.983334   126.900002
 40.216667   125.333336
 40.216667   124.666664
 40.216667   123.833336
 40.387501   123.533333
 41.333332   123.533333
 41.333332   122.744446
.ZOB         240   349
 42.805557    80.386108
 42.825001    80.048615
 42.888889    79.468056
 42.950001    79.050003
 43.193054    79.024445
 43.433334    78.750000
 43.599998    78.750000
 43.633335    78.677780
 43.633335    76.791664
 43.329166    76.775002
 43.066666    76.763885
 43.016666    76.733330
 42.879166    76.675003
 42.791668    76.683334
 42.608334    76.802780
 42.366665    76.233330
 42.333332    76.416664
 42.302776    77.041664
 42.174999    77.236115
 41.875000    77.416664
 41.677776    77.541664
 41.555557    77.633331
 41.308334    77.808334
 41.119446    77.949997
 40.858334    78.127777
 40.608334    77.933334
 40.549999    77.879166
 40.516666    77.872223
 40.450001    77.875000
 40.156944    77.858330
 39.855000    77.834999
 39.788887    77.837502
 39.772221    78.199997
 39.671665    78.558334
 39.638889    78.652779
 39.533333    79.013885
 39.370834    79.543053
 39.173611    79.894447
 39.166668    80.400002
 39.166668    80.500000
 39.750000    81.550003
 40.216667    81.633331
 40.599998    81.783333
 40.554165    82.591667
 40.570835    83.066666
 40.705555    83.455559
 40.737499    83.650002
 40.783333    83.745834
 40.908333    84.699997
 41.283333    84.716667
 41.583332    84.750000
 41.799999    84.766670
 41.858334    84.766670
 41.849998    85.000000
 42.166668    85.000000
 42.966667    85.000000
 43.083332    85.000000
 43.333332    85.000000
 43.500000    85.000000
 43.916668    83.666664
 43.916668    82.185555
 43.579166    82.099998
 43.133335    82.355553
 42.870834    82.466667
 42.741665    81.220833
 42.779167    80.895836
 42.805557    80.386108
.ZSE         240   349                                                          
 49.000000   120.000000
 49.000000   115.500000
 49.000000   114.666664
 48.416668   115.000000
 47.150002   115.000000
 46.750000   115.000000
 46.566666   115.000000
 46.416668   115.000000
 45.333332   115.000000
 45.333332   117.750000
 45.233334   117.916664
 44.849998   118.449997
 44.166668   118.933334
 43.633335   119.283333
 42.666668   119.000000
 42.333332   119.099998
 41.000000   119.500000
 41.000000   120.500000
 41.000000   121.133331
 41.000000   121.250000
 41.333332   122.416664
 41.333332   122.744446
 41.333332   123.533333
 40.387501   123.533333
 40.216667   123.833336
 40.216667   124.666664
 40.216667   125.333336
 40.983334   126.900002
 44.066666   126.599998
 45.000000   126.500000
 46.333332   127.083336
 47.500000   127.616669
 48.333332   128.000000
 48.400002   127.000000
 48.500000   125.000000
 48.500000   124.750000
 48.297222   124.001114
 48.240276   123.678612
 48.230556   123.540276
 48.284443   123.247498
 48.423332   123.114166
 48.647221   123.030556
 48.723610   122.866669
 48.866665   122.659721
 48.866665   122.283333
 48.866665   120.666664
 49.000000   120.333336
.ZTL         240   349                                                          
 36.395832    84.583336
 36.650002    83.558334
 36.738888    83.222221
 37.304165    80.745834
 37.331944    80.633331
 37.255554    80.581108
 36.684723    80.259445
 36.666668    80.250000
 36.200001    79.973335
 36.154167    79.949997
 36.088890    79.744446
 35.383335    79.804169
 35.108334    80.000000
 34.855556    80.147224
 34.747501    80.468887
 34.394444    81.333336
 34.250000    81.679169
 34.038887    81.777779
 33.888889    81.849998
 32.904167    81.841667
 32.677776    81.900002
 32.562500    81.933334
 32.166668    82.333336
 31.913889    82.741669
 31.683332    83.112503
 31.683332    83.341667
 31.683332    84.099998
 31.674999    84.162498
 31.627777    84.537498
 31.533333    85.308334
 31.762501    85.583336
 31.706944    85.891670
 31.491667    86.949997
 31.280556    87.400002
 31.520834    87.816666
 31.516666    88.324997
 32.330555    88.347221
 32.627777    87.945831
 32.697224    87.849998
 33.043056    87.986115
 33.183334    87.808334
 33.316666    87.633331
 33.890278    87.566666
 34.016666    87.550003
 34.099998    87.250000
 34.366665    87.000000
 35.333332    87.000000
 35.516666    86.000000
 35.650002    85.283333
 36.183334    85.400002
.ZSU           0   999
 23.483334    60.016666
 23.483334    62.000000
 23.483334    62.463612
 23.483334    62.630280
 23.483334    64.000000
 23.483334    65.000000
 23.483334    65.716667
 23.483334    65.883331
 23.483334    66.833336
 23.483334    67.000000
 23.483334    67.633331
 23.483334    67.800003
 23.483334    68.666664
 22.750000    68.449997
 21.133333    67.716667
 21.133333    67.733330
 20.483334    68.333336
 19.666668    69.116669
 19.016666    67.966667
 18.883333    67.983330
 18.783333    67.983330
 18.666668    67.983330
 18.533333    67.983330
 18.433332    67.983330
 18.250000    67.983330
 18.150000    67.983330
 17.833332    67.983330
 16.333332    67.983330
 16.016666    67.983330
 15.700000    67.066666
 15.691667    67.050003
 15.433333    66.250000
 15.233333    65.599998
 15.016667    65.000000
 15.016667    64.750000
 15.016667    63.250000
 15.333333    63.016666
 15.583333    63.016666
 16.516666    63.016666
 17.250000    63.016666
 17.366667    63.016666
 17.519444    62.794445
 17.766666    62.383331
 18.016666    62.000000
 18.016666    61.583332
 20.000000    60.016666
 21.083332    60.016666
 22.000000    60.016666
 23.000000    60.016666
.ZLN           0   999
 55.000000    -5.000000
 51.500000    -2.000000
 51.166668    -2.000000
 51.000000    -1.466667
 50.666668    -1.466667
 50.000000     0.250000
 50.000000     2.000000
 48.833332     8.000000
 51.000000     8.000000
 52.333332     5.500000
 55.000000     5.500000
.ZSC           0   999
 61.000000     0.000000
 60.000000     0.000000
 57.000000    -5.000000
 55.000000    -5.000000
 55.000000     5.500000
 53.916668     5.500000
 54.416668     8.166664
 55.333332     6.916664
 55.416668     7.333332
 55.333332     8.250000
 54.750000     9.000000
 54.566666    10.000000
 61.000000    10.000000
.ZSW           0   999
 61.000000    30.000000
 61.000000    10.000000
 54.566666    10.000000
 54.000000    15.000000
 51.000000    15.000000
 51.000000     8.000000
 45.000000     8.000000
 45.000000    30.000000
.ZSN           0   999
 54.000000    15.000000
 54.566666    10.000000
 54.750000     9.000000
 55.333332     8.250000
 55.416668     7.333332
 55.333332     6.916664
 54.416668     8.166664
 53.916668     5.500000
 52.333332     5.500000
 51.000000     8.000000
 51.000000    15.000000
.ZHN          0   600  
 20.000000   150.000000
 16.000000   157.000000
 16.000000   160.500000
 19.500000   165.000000
 24.000000   165.000000
 26.500000   161.000000
 26.500000   156.500000
 25.750000   155.250000
 25.500000   155.250000
 25.250000   154.500000
 24.500000   154.000000
 24.250000   153.500000
 24.000000   153.000000
 23.500000   152.750000
 22.750000   152.000000
 22.500000   151.500000
.ZAN          0   999
 72.000000   141.000000   
 62.000000   141.000000   
 60.349998   139.183334
 60.351391   139.074997   
 60.320831   139.066666   
 60.086109   139.199997   
 59.991669   139.050003   
 59.900002   138.708328   
 59.808334   138.666672
 59.349998   135.024994   
 59.283333   134.958328   
 59.250000   134.699997   
 59.191666   134.683334   
 59.133331   134.574997   
 59.133331   134.483337   
 59.091667   134.449997   
 59.041668   134.383331   
 58.974998   134.408340   
 58.962502   134.316666   
 58.924999   134.337494   
 58.858334   134.250000   
 58.766666   133.958328   
 58.724998   133.833328   
 58.599998   133.691666   
 58.525002   133.558334   
 58.424999   133.375000   
 58.387501   133.458328   
 58.275002   133.341660   
 58.212502   133.250000   
 58.158333   133.175003   
 58.000000   133.070831   
 57.837502   132.866669   
 57.700001   132.750000   
 57.616669   132.666672   
 57.491669   132.550003   
 57.349998   132.366669   
 57.208332   132.250000   
 57.087502   132.375000   
 57.041668   132.041672   
 57.000000   132.083328
 56.875000   132.133331   
 56.808334   131.875000   
 56.750000   131.899994   
 56.704166   131.866669   
 56.599998   131.841660   
 56.612499   131.583328   
 56.549999   131.466660   
 56.450001   131.183334   
 56.408333   131.083328   
 56.362499   130.783340   
 56.266666   130.625000   
 56.245834   130.550003   
 56.241669   130.466660   
 56.141666   130.433334   
 56.129166   130.341660   
 56.095833   130.250000   
 56.125000   130.100006   
 56.008331   130.000000   
 55.916668   130.016663   
 55.908333   130.000000   
 55.825001   130.083328   
 55.808334   130.125000   
 55.766666   130.149994   
 55.716667   130.145828   
 55.683334   130.108337   
 55.583332   130.125000   
 55.504166   130.095840   
 55.445831   130.033340   
 55.341667   130.024994   
 55.283333   129.970840   
 55.191666   130.100006   
 55.066666   130.187500   
 54.974998   130.266663   
 54.849998   130.449997   
 54.795834   130.550003   
 54.779167   130.629166   
 54.762501   130.649994   
 54.741669   130.625000 
 54.708332   130.608337
 54.491669   131.800003   
 54.583332   132.833328   
 54.108334   134.000000   
 54.108334   135.449997   
 54.000000   136.000000
 53.367444   137.000000
 56.761665   151.750000
 56.000000   153.000000
 53.500000   160.000000   
 52.500000   164.000000   
 51.400002   167.816666   
 50.133331   176.566666   
 50.216667   177.100006   
 49.596668   181.500000   
 45.700001   197.083328   
 49.264168   200.204163   
 50.083332   201.000000   
 54.000000   191.000000   
 58.170417   183.928889   
 60.000000   180.000000   
 64.050000   172.200000   
 65.000000   168.973053   
 69.166664   168.973053   
 90.000000   168.973053   
 90.000000   141.000000   
.N90	1	1
42.775002	 76.708336	
42.549999	 76.186111	
42.500000	 76.166664	
42.500000	 76.058334	
42.500000	 75.733330	
42.400002	 75.666664	
42.240276	 75.554169	
42.237499	 75.331947	
42.120831	 75.250000	
42.113888	 74.913887	
42.174999	 74.300003	
42.141663	 74.000000	
42.021667	 74.045555	
41.974998	 73.466667	
42.052776	 73.377777	
41.765282	 73.250000	
41.669445	 73.233330	
41.587505	 73.300003	
41.587505	 73.213890	
41.594444	 73.000000	
41.433334	 73.000000	
41.416668	 72.929169	
41.420277	 72.723053	
41.424999	 72.680557	
41.465000	 72.516670	
41.483337	 72.466667	
41.362499	 72.383331	
41.169445	 72.287498	
41.125000	 72.250000	
41.064999	 72.174156	
40.942780	 71.856667	
40.764721	 71.852776	
40.700001	 72.116669	
40.691666	 72.175003	
40.666668	 72.500000	
40.291668	 72.988899	
40.409721	 73.254166	
40.211109	 73.466393	
40.091667	 73.637497	
40.033333	 73.716667	
39.900002	 73.762497	
39.733337	 73.650002	
39.643055	 73.813889	
39.566666	 73.948608	
39.664165	 74.060837	
39.716667	 74.172218	
39.723606	 74.293053	
39.747223	 74.322227	
39.747223	 74.411110	
39.655556	 74.500000	
39.652779	 74.800003	
39.671665	 74.836670	
39.584438	 74.863609	
39.608612	 74.875557	
39.652225	 74.939720	
39.654999	 74.974442	
39.547222	 75.095833	
39.474998	 75.250000	
39.431946	 75.311661	
39.383331	 75.395844	
39.371662	 75.458336	
39.340279	 75.608330	
39.318054	 75.608330	
39.266663	 75.836113	
39.334999	 75.870003	
39.557777	 76.013336	
39.593613	 76.040276	
39.645000	 75.965553	
39.760834	 76.216667	
39.820278	 76.211395	
39.858891	 76.401947	
39.884724	 76.533333	
39.883610	 76.975555	
39.883331	 77.050003	
39.880001	 77.158333	
39.875000	 77.355003	
39.870277	 77.510002	
39.861111	 77.711113	
39.855556	 77.840279	
39.966667	 77.844444	
40.156944	 77.858330	
40.411114	 77.870834	
40.472221	 77.863335	
40.516663	 77.872223	
40.502777	 77.672218	
40.473057	 77.300003	
40.863888	 77.081947	
40.943054	 77.044441	
40.926662	 76.689163	
40.987778	 76.718330	
41.068611	 76.466393	
41.052505	 76.324997	
41.102222	 76.308067	
41.370831	 76.301392	
41.501114	 76.300003	
41.644444	 76.432220	
41.673611	 76.616669	
41.730556	 77.166664	
41.602779	 77.188889	
41.459721	 77.206947	
41.541668	 77.641670	
41.555557	 77.633331	
41.637501	 77.566666	
41.724998	 77.516670	
41.820831	 77.455559	
42.224998	 77.449997	
42.299999	 77.588890	
42.658333	 77.099998	
42.640282	 76.891670	
42.608337	 76.802788	
42.738888	 76.713890
.PCT	1	1
39.875000	 77.355000	
39.880000	 77.158333	
39.870000	 77.083333	
39.883611	 76.975556	
39.884722	 76.533333	
39.858889	 76.401944	
39.901389	 76.158333	
39.820278	 76.211389	
39.689167	 75.894722	
39.563333	 75.972222	
39.573333	 75.898611	
39.413333	 75.804167	
39.335000	 75.870000	
39.266667	 75.836111	
39.183333	 75.766667	
39.109444	 75.740000	
38.969444	 75.875833	
38.863056	 75.832500	
38.722778	 75.663611	
38.700000	 75.666667	
38.680833	 76.166667	
38.678056	 76.330556	
38.656944	 76.407222	
38.591389	 76.523889	
38.517222	 76.538889	
38.267500	 76.811944	
38.197500	 76.886667	
38.127778	 76.936944	
37.750000	 76.391667	
37.600000	 76.466667	
37.550000	 76.603889	
37.460278	 76.851944	
37.402778	 76.880556	
37.347222	 76.906944	
37.233333	 77.000000	
36.905556	 77.216667	
36.902500	 77.303889	
36.883333	 77.533333	
37.018056	 77.845278	
37.147500	 77.865556	
37.247500	 78.000000	
37.261111	 78.166667	
37.398333	 78.126111	
37.528056	 78.086944	
37.534444	 78.171944	
37.619444	 78.557500	
37.668056	 78.774167	
37.781389	 79.270556	
38.051944	 79.295278	
38.175000	 79.308333	
38.350000	 79.325000	
38.500000	 78.575000	
38.544444	 78.320833	
38.765556	 78.375000	
38.950000	 78.375000	
39.111111	 78.375000	
39.383333	 78.375000	
39.491667	 78.036667	
39.533333	 78.000000	
39.585000	 77.675000	
39.698056	 77.357222	
.SCT	1	1
   34.4917  119.0833
   34.5125  118.8375
   34.5250  118.6333
   34.5417  118.5875
   34.5797  118.4819
   34.5972  118.4333
   34.5542  118.4000
   34.5083  118.3625
   34.5458  118.2583
   34.3417  118.1083
   34.4442  117.8817
   34.4583  117.8500
   34.4583  117.8308
   34.2917  117.7175
   34.4375  117.4800
   34.3667  117.3250
   34.3319  117.2583
   34.3500  117.2333
   34.1667  116.8833
   34.0628  116.8722
   34.0375  116.8667
   33.9625  116.8542
   33.9414  116.8542
   33.8500  116.8458
   33.7667  116.8333
   33.6250  116.8333
   33.4333  116.8125
   33.2458  116.5958
   33.0833  116.7333
   33.0356  116.6278
   32.9667  116.4833
   32.5903  116.4833
   32.5667  116.7583
   32.5342  117.1236
   32.4467  117.3142
   32.5250  117.5000
   32.6139  117.5483
   32.8000  117.6500
   32.8833  117.6944
   33.0833  117.8653
   33.2042  117.9667
   33.2764  118.4167
   33.2167  118.4917
   33.3250  118.6167
   33.4750  118.7833
   33.6583  118.7667
   33.7558  118.8333
   33.9083  118.9417
   34.0194  118.9425
   34.1000  118.9425
   34.2083  118.9500
   34.2083  118.8167
   34.2792  118.8917
   34.3805  118.9944
   34.4917  119.0833
.C90	1	1
42.500000	 88.461113	
42.500000	 88.275002	
42.500000	 87.583336	
42.500000	 87.516670	
42.340000	 87.316666	
42.254169	 87.345833	
42.241669	 87.170830	
42.236111	 87.058334	
41.700001	 87.058334	
41.700001	 87.130554	
41.652779	 87.126389	
41.441666	 87.116669	
41.437500	 87.270828	
41.427776	 87.526115	
41.422222	 87.574997	
41.397221	 88.216667	
41.402225	 88.250000	
41.409721	 88.301392	
41.338886	 88.336670	
41.373333	 88.513885	
41.434444	 88.479172	
41.662495	 88.638885	
41.663891	 88.733330	
41.680557	 88.745834	
41.795834	 88.819443	
41.812500	 88.733330	
41.897221	 88.772224	
42.095833	 88.754166	
42.194443	 88.658333	
42.202778	 88.574997	
42.309444	 88.544441	
42.500000	 88.461113
.PHL	1	1
39.760834	 76.216667	
39.820278	 76.211395	
39.901394	 76.158333	
40.040279	 76.062492	
40.033333	 75.977776	
40.055557	 76.008888	
40.091667	 76.039436	
40.134167	 76.057213	
40.147221	 76.059441	
40.172779	 76.034447	
40.200279	 75.990829	
40.218056	 75.941933	
40.225555	 75.891945	
40.282501	 75.779167	
40.336109	 75.745834	
40.325279	 75.684441	
40.378056	 75.571671	
40.424721	 75.471390	
40.459721	 75.393333	
40.522221	 75.269447	
40.525002	 75.106941	
40.483337	 75.066666	
40.401394	 74.876389	
40.356945	 74.791664	
40.308334	 74.515282	
40.257221	 74.568611	
40.181667	 74.646111	
40.116669	 74.716667	
40.045834	 74.652779	
40.020279	 74.631386	
39.983337	 74.684723	
39.974998	 74.591667	
39.941666	 74.566666	
39.862499	 74.648613	
39.837505	 74.626389	
39.801388	 74.622223	
39.764168	 74.691109	
39.720280	 74.776115	
39.691666	 74.830559	
39.671665	 74.836670	
39.584438	 74.863609	
39.608612	 74.875557	
39.652225	 74.939720	
39.654999	 74.974442	
39.547222	 75.095833	
39.474998	 75.250000	
39.431946	 75.311661	
39.383331	 75.395844	
39.371662	 75.458336	
39.340279	 75.608330	
39.318054	 75.608330	
39.266663	 75.836113	
39.334999	 75.870003	
39.557777	 76.013336	
39.593613	 76.040276	
39.645000	 75.965553
.CVG	1	1
39.1386	 83.9122
38.9111	 83.9125
38.7689	 83.9439
38.4369	 84.0183
38.4517	 84.3878
38.4722	 84.9308
38.4733	 84.9667
38.6436	 85.2808
38.6536	 85.2994
38.6683	 85.4622
38.8333	 85.4617
38.8333	 85.4000
38.8431	 85.3806
38.9350	 85.3667
39.0833	 85.3667
39.0833	 85.5000
39.4556	 85.5003
39.5000	 85.2375
39.5639	 84.8461
39.5833	 84.7250
39.5017	 84.1572
39.4789	 83.9669
39.2881	 83.9306
39.1917	 83.9122
39.1386	 83.9122
.ATL      0     140
   33.700001  83.625000
   33.463890  83.633331
   33.295834  83.708336
   33.129166  83.894447
   33.004166  84.150002
   32.980556  84.305557
   32.962502  84.425003
   33.008331  84.716667
   33.120834  84.945831
   33.233334  85.083336
   33.345833  85.224998
   33.758331  85.224998
   33.870831  85.168053
   33.972221  85.116669
   34.162495  84.949997
   34.238888  84.791664
   34.279167  84.705559
   34.333332  84.158333
   34.033333  83.762497
   33.700001  83.625000